29845978,75332,75332
29845984,75334,1184
29846387,75330,33144
29846676,75288,29989
29846890,75397,75397
29847236,75524,21232
29847647,75525,30261
29847696,75528,8848
29847705,75528,2310
29847720,75528,3736
29847735,75528,3743
29847750,75529,4067
29847765,75531,4455
29847780,75534,4621
29847795,75536,4726
29847810,75537,4896
29847825,75539,4681
29847840,75540,4719
29847855,75497,8638
29847870,75497,4393
29847885,75498,4203
29847900,75498,3961
29847915,75498,4016
29847930,75498,3761
29847945,75498,3664
29847960,75498,3661
29847975,75498,3319
29847990,75498,3190
29848005,75498,3106
29848020,75498,2889
29848035,75498,2700
29848035,75498,0
29848050,75498,4967
29848065,75498,2793
29848080,75498,2442
29848095,75498,2311
29848110,75498,2137
29848125,75498,1814
29848140,75498,2023
29848155,75498,1731
29848170,75498,1425
29848185,75498,1145
29848200,75498,993
29848215,75415,3555
29848230,75415,639
29848245,75415,504
29848260,75415,370
29848275,75415,355
29848290,75415,320
29848305,75415,279
29848320,75415,34646
29848335,75415,338
29848350,75415,252
29848365,75415,206
29848365,75415,0
29848380,75415,344
29848395,75415,159
29848410,75415,166
29848425,75415,154
29848440,75415,157
29848455,75415,151
29848470,75415,199
29848485,75415,197
29848500,75415,289
29848515,75415,388
29848530,75415,536
29848545,75415,701
29848560,75415,1010
29848575,75612,2306
29848590,75612,1585
29848605,75612,2004
29848620,75612,2504
29848635,75612,2899
29848650,75612,3288
29848665,75612,3754
29848680,75615,4122
29848695,75615,4887
29848695,75615,0
29848710,75615,8969
29848725,75615,4834
29848740,75615,4432
29848755,75615,3897
29848770,75618,3642
29848785,75618,3307
29848800,75618,3181
29848815,75621,3121
29848830,75620,3088
29848845,75623,3049
29848860,75624,3103
29848875,75624,2895
29848890,75624,3034
29848905,75624,3169
29848920,75626,3641
29848935,75324,7999
29848950,75325,3514
29848965,75326,3531
29848980,75327,3445
29848995,75328,3579
29849010,75329,3549
29849025,75329,3616
29849025,75329,0
29849040,75329,6651
29849055,75329,3604
29849070,75329,3599
29849085,75329,3564
29849100,75330,3559
29849115,75330,3675
29849130,75330,3650
29849145,75330,3874
29849160,75330,3785
29849175,75330,4044
29849190,75330,4147
29849205,75331,4366
29849220,75332,4354
29849235,75332,4632
29849250,75332,4502
29849265,75332,4534
29849280,75332,4475
29849295,75537,8547
29849310,75537,4020
29849325,75537,3962
29849340,75537,3671
29849355,75539,3728
29849355,75539,0
29849370,75539,6608
29849385,75539,3362
29849400,75539,3434
29849415,75539,3341
29849430,75539,3003
29849445,75539,2768
29849460,75539,2769
29849475,75539,2561
29849490,75539,2458
29849505,75539,2344
29849520,75539,2130
29849535,75540,2211
29849550,75542,2197
29849565,75543,2019
29849580,75543,2055
29849595,75543,1824
29849610,75543,1748
29849625,75543,1574
29849640,75544,1371
29849655,75455,3816
29849670,75456,1131
29849685,75456,883
29849685,75456,0
29849700,75456,1553
29849715,75457,675
29849730,75457,644
29849745,75457,535
29849760,75457,33603
29849775,75457,473
29849790,75457,423
29849805,75457,392
29849820,75457,305
29849835,75457,266
29849850,75457,234
29849865,75457,229
29849880,75457,211
29849895,75457,211
29849910,75457,170
29849925,75457,194
29849940,75458,218
29849955,75458,239
29849970,75458,264
29849985,75459,291
29850000,75459,352
29850015,75521,1305
29850015,75521,0
29850030,75521,1704
29850045,75521,531
29850060,75520,668
29850075,75520,840
29850090,75520,1092
29850105,75512,1410
29850120,75513,1865
29850135,75513,2188
29850150,75513,2374
29850165,75513,2743
29850180,75513,3046
29850195,75513,3333
29850210,75515,3274
29850225,75515,3610
29850240,75515,3799
29850255,75515,3844
29850270,75515,3830
29850285,75515,3823
29850300,75515,3884
29850315,75515,3921
29850330,75515,3911
29850345,75515,3954
29850345,75515,0
29850360,75515,7403
29850375,75251,7116
29850390,75251,4058
29850405,75251,4058
29850420,75251,4064
29850435,75251,4026
29850450,75251,3994
29850465,75251,3988
29850480,75251,4042
29850495,75251,3775
29850510,75251,4051
29850525,75251,4009
29850540,75251,4159
29850555,75251,4089
29850570,75251,3874
29850585,75251,4096
29850600,75251,4009
29850615,75251,4201
29850630,75251,4077
29850645,75251,4018
29850660,75251,4020
29850675,75251,4266
29850675,75251,0
29850690,75251,7652
29850705,75251,4007
29850720,75251,3840
29850735,75460,6869
29850750,75460,3588
29850765,75460,3503
29850780,75460,3302
29850795,75460,3477
29850810,75460,3429
29850825,75460,3238
29850840,75460,3128
29850855,75460,3057
29850870,75460,2870
29850885,75460,2724
29850900,75460,2675
29850915,75460,2377
29850930,75460,2299
29850945,75460,2309
29850960,75460,2173
29850975,75460,2164
29850990,75460,2036
29851005,75460,1966
29851005,75460,0
29851020,75460,3593
29851035,75460,1835
29851050,75460,1602
29851065,75460,1472
29851080,75460,1354
